55.367486 10.431321 103.691 
55.367486 10.431319 103.736 
55.367485 10.431316 103.728 
55.367485 10.431314 103.709 
55.367484 10.431312 103.675 
55.367483 10.431309 103.662 
55.367483 10.431307 103.673 
55.367483 10.431305 103.660 
55.367483 10.431303 103.618 
55.367483 10.431302 103.589 
55.367483 10.431301 103.501 
55.367484 10.431300 103.410 
55.367485 10.431299 103.176 
55.367486 10.431298 103.059 
55.367487 10.431298 102.990 
55.367488 10.431297 102.974 
55.367489 10.431297 102.821 
55.367490 10.431297 102.675 
55.367491 10.431295 102.607 
55.367492 10.431294 102.543 
55.367493 10.431294 102.493 
55.367494 10.431293 102.361 
55.367496 10.431292 102.212 
55.367497 10.431290 102.087 
55.367498 10.431289 101.900 
55.367499 10.431288 101.744 
55.367499 10.431287 101.603 
55.367500 10.431286 101.425 
55.367500 10.431285 101.237 
55.367501 10.431283 101.150 
55.367502 10.431283 101.114 
55.367503 10.431282 101.121 
55.367504 10.431282 101.162 
55.367505 10.431281 101.100 
55.367507 10.431281 101.046 
55.367508 10.431280 101.014 
55.367510 10.431279 101.022 
55.367511 10.431278 101.186 
55.367512 10.431277 101.092 
55.367514 10.431277 101.004 
55.367515 10.431278 101.038 
55.367516 10.431277 101.026 
55.367518 10.431277 101.046 
55.367519 10.431277 101.118 
55.367521 10.431277 101.050 
55.367522 10.431277 100.980 
55.367523 10.431276 100.969 
55.367525 10.431275 100.948 
55.367526 10.431275 100.972 
55.367527 10.431275 101.007 
55.367528 10.431273 101.113 
55.367530 10.431273 101.224 
55.367531 10.431272 101.334 
55.367533 10.431273 101.315 
55.367535 10.431272 101.263 
55.367536 10.431271 101.359 
55.367537 10.431271 101.478 
55.367539 10.431271 101.583 
55.367540 10.431271 101.544 
55.367542 10.431271 101.553 
55.367543 10.431270 101.525 
55.367545 10.431270 101.575 
55.367546 10.431269 101.697 
55.367547 10.431269 101.831 
55.367549 10.431270 101.969 
55.367550 10.431270 101.996 
55.367551 10.431270 102.093 
55.367552 10.431269 102.244 
55.367553 10.431268 102.253 
55.367555 10.431269 102.061 
55.367557 10.431270 101.894 
55.367557 10.431270 101.919 
55.367558 10.431269 101.784 
55.367559 10.431269 101.872 
55.367561 10.431269 101.939 
55.367562 10.431269 102.037 
55.367563 10.431268 102.101 
55.367565 10.431267 102.076 
55.367567 10.431267 102.032 
55.367568 10.431267 102.085 
55.367570 10.431266 102.054 
55.367571 10.431266 102.093 
55.367572 10.431266 102.268 
55.367573 10.431266 102.341 
55.367573 10.431266 102.593 
55.367574 10.431266 102.819 
55.367575 10.431267 102.962 
55.367576 10.431267 103.230 
55.367576 10.431266 103.372 
55.367576 10.431265 103.411 
55.367576 10.431265 103.367 
55.367578 10.431264 103.388 
55.367579 10.431263 103.324 
55.367580 10.431262 103.319 
55.367582 10.431262 103.251 
55.367583 10.431261 103.123 
55.367585 10.431261 103.028 
55.367587 10.431260 103.004 
55.367588 10.431259 102.998 
55.367590 10.431258 103.026 
55.367592 10.431257 102.836 
55.367594 10.431256 102.811 
55.367596 10.431256 102.784 
55.367598 10.431256 102.736 
55.367600 10.431255 102.732 
55.367602 10.431254 102.729 
55.367604 10.431254 102.694 
55.367606 10.431254 102.732 
55.367607 10.431253 102.680 
55.367609 10.431252 102.595 
55.367611 10.431252 102.466 
55.367613 10.431251 102.418 
55.367615 10.431251 102.360 
55.367617 10.431250 102.378 
55.367619 10.431249 102.315 
55.367621 10.431247 102.283 
55.367623 10.431247 102.259 
55.367624 10.431247 102.288 
55.367626 10.431246 102.171 
55.367628 10.431245 102.102 
55.367631 10.431245 101.916 
55.367633 10.431244 101.754 
55.367634 10.431243 101.691 
55.367636 10.431243 101.578 
55.367638 10.431242 101.453 
55.367640 10.431241 101.379 
55.367642 10.431241 101.325 
55.367644 10.431241 101.357 
55.367646 10.431240 101.309 
55.367647 10.431239 101.207 
55.367649 10.431238 101.047 
55.367652 10.431237 101.042 
55.367654 10.431235 101.014 
55.367655 10.431235 101.006 
55.367657 10.431234 100.946 
55.367659 10.431233 100.824 
55.367661 10.431232 100.662 
55.367663 10.431231 100.438 
55.367664 10.431229 100.143 
55.367666 10.431228 99.908 
55.367668 10.431227 99.654 
55.367671 10.431227 99.412 
55.367673 10.431225 99.163 
55.367675 10.431223 98.776 
55.367679 10.431218 98.179 
55.367683 10.431214 97.551 
55.367687 10.431210 96.858 
55.367691 10.431205 96.098 
55.367694 10.431201 95.564 
55.367697 10.431198 95.104 
55.367701 10.431194 94.543 
55.367705 10.431188 93.753 
55.367708 10.431184 93.192 
55.367712 10.431178 92.423 
55.367715 10.431173 91.772 
55.367718 10.431169 91.285 
55.367722 10.431164 90.750 
55.367725 10.431161 90.413 
55.367728 10.431157 89.985 
55.367731 10.431154 89.601 
55.367733 10.431151 89.214 
55.367736 10.431148 88.713 
55.367739 10.431145 88.327 
55.367742 10.431142 87.876 
55.367745 10.431140 87.411 
55.367747 10.431138 87.150 
55.367750 10.431136 86.932 
55.367752 10.431135 86.622 
55.367755 10.431133 86.245 
55.367758 10.431133 86.025 
55.367760 10.431131 85.835 
55.367762 10.431130 85.635 
55.367765 10.431130 85.434 
55.367767 10.431129 85.231 
55.367769 10.431129 85.045 
55.367772 10.431128 84.832 
55.367774 10.431127 84.605 
55.367776 10.431126 84.480 
55.367778 10.431124 84.249 
55.367780 10.431123 84.058 
55.367782 10.431122 83.885 
55.367784 10.431121 83.706 
55.367786 10.431120 83.521 
55.367788 10.431119 83.404 
55.367790 10.431118 83.173 
55.367791 10.431116 82.965 
55.367793 10.431114 82.796 
55.367794 10.431111 82.660 
55.367795 10.431109 82.457 
55.367796 10.431106 82.405 
55.367797 10.431102 82.294 
55.367798 10.431099 82.202 
55.367798 10.431095 82.180 
55.367798 10.431092 81.993 
55.367799 10.431087 81.887 
55.367799 10.431083 81.751 
55.367799 10.431079 81.584 
55.367799 10.431075 81.451 
55.367800 10.431071 81.401 
55.367800 10.431067 81.190 
55.367800 10.431063 81.025 
55.367800 10.431059 80.829 
55.367800 10.431056 80.669 
55.367801 10.431053 80.524 
55.367801 10.431049 80.335 
55.367801 10.431046 80.187 
55.367801 10.431042 80.053 
55.367801 10.431038 79.939 
55.367801 10.431035 79.774 
55.367801 10.431031 79.608 
55.367801 10.431028 79.436 
55.367801 10.431024 79.289 
55.367801 10.431021 79.223 
55.367800 10.431017 79.147 
55.367801 10.431014 79.144 
55.367801 10.431010 79.113 
55.367801 10.431007 78.899 
55.367801 10.431003 78.690 
55.367801 10.430999 78.525 
55.367801 10.430995 78.292 
55.367801 10.430992 78.168 
55.367802 10.430989 78.196 
55.367803 10.430985 78.268 
55.367804 10.430981 78.301 
55.367805 10.430978 78.259 
55.367805 10.430974 78.147 
55.367806 10.430970 78.026 
55.367806 10.430967 77.913 
55.367807 10.430964 77.829 
55.367807 10.430960 77.744 
55.367806 10.430957 77.663 
55.367806 10.430953 77.629 
55.367806 10.430950 77.544 
55.367807 10.430946 77.444 
55.367807 10.430943 77.352 
55.367807 10.430939 77.254 
55.367806 10.430936 77.150 
55.367806 10.430933 77.052 
55.367806 10.430930 77.003 
55.367806 10.430927 76.887 
55.367806 10.430924 76.834 
55.367805 10.430920 76.780 
55.367805 10.430917 76.701 
55.367805 10.430914 76.668 
55.367805 10.430910 76.557 
55.367804 10.430907 76.519 
55.367804 10.430904 76.448 
55.367804 10.430900 76.423 
55.367803 10.430897 76.459 
55.367803 10.430895 76.568 
55.367802 10.430892 76.642 
55.367802 10.430889 76.536 
55.367802 10.430885 76.358 
55.367802 10.430883 76.280 
55.367801 10.430879 76.307 
55.367801 10.430876 76.343 
55.367801 10.430873 76.463 
55.367801 10.430869 76.497 
55.367801 10.430865 76.452 
55.367801 10.430861 76.481 
55.367800 10.430858 76.417 
55.367801 10.430855 76.354 
55.367800 10.430851 76.332 
55.367800 10.430847 76.270 
55.367800 10.430844 76.257 
55.367799 10.430840 76.229 
55.367799 10.430836 76.160 
55.367799 10.430833 76.146 
55.367799 10.430829 76.118 
55.367799 10.430826 76.053 
55.367798 10.430823 75.968 
55.367798 10.430819 75.897 
55.367798 10.430816 75.806 
55.367798 10.430813 75.751 
55.367798 10.430810 75.698 
55.367798 10.430807 75.575 
55.367797 10.430803 75.534 
55.367797 10.430800 75.474 
55.367797 10.430796 75.434 
55.367797 10.430793 75.429 
55.367796 10.430789 75.384 
55.367796 10.430786 75.303 
55.367796 10.430782 75.232 
55.367796 10.430779 75.156 
55.367796 10.430775 75.094 
55.367796 10.430771 75.031 
55.367796 10.430768 74.990 
55.367796 10.430764 74.910 
55.367795 10.430761 74.879 
55.367796 10.430757 74.819 
55.367795 10.430754 74.753 
55.367795 10.430751 74.709 
55.367795 10.430748 74.683 
55.367794 10.430744 74.630 
55.367793 10.430741 74.619 
55.367793 10.430737 74.592 
55.367792 10.430734 74.599 
55.367792 10.430731 74.622 
55.367792 10.430727 74.599 
55.367791 10.430724 74.519 
55.367791 10.430720 74.464 
55.367791 10.430717 74.420 
55.367791 10.430713 74.378 
55.367791 10.430709 74.334 
55.367791 10.430706 74.288 
55.367790 10.430702 74.244 
55.367791 10.430699 74.207 
55.367791 10.430695 74.160 
55.367791 10.430692 74.137 
55.367791 10.430688 74.084 
55.367791 10.430684 74.014 
55.367790 10.430681 73.970 
55.367790 10.430677 73.969 
55.367790 10.430673 73.907 
55.367791 10.430670 73.874 
55.367791 10.430666 73.852 
55.367791 10.430663 73.766 
55.367790 10.430659 73.756 
55.367791 10.430655 73.748 
55.367791 10.430651 73.617 
55.367791 10.430647 73.604 
55.367791 10.430644 73.577 
55.367791 10.430640 73.503 
55.367791 10.430637 73.467 
55.367791 10.430633 73.439 
55.367791 10.430629 73.383 
55.367791 10.430626 73.346 
55.367790 10.430623 73.350 
55.367790 10.430620 73.261 
55.367790 10.430617 73.216 
55.367790 10.430614 73.187 
55.367789 10.430611 73.128 
55.367789 10.430608 73.081 
55.367789 10.430606 73.047 
55.367789 10.430603 73.003 
55.367788 10.430601 72.940 
55.367788 10.430599 72.920 
55.367788 10.430598 72.949 
55.367788 10.430596 72.957 
55.367788 10.430594 72.981 
55.367789 10.430592 73.058 
55.367789 10.430589 73.086 
55.367789 10.430587 73.117 
55.367789 10.430585 73.157 
55.367788 10.430582 73.111 
55.367787 10.430580 73.118 
55.367786 10.430578 73.086 
55.367785 10.430576 73.062 
55.367784 10.430575 73.035 
55.367783 10.430573 72.975 
55.367782 10.430572 72.955 
55.367781 10.430571 72.902 
55.367780 10.430571 72.814 
55.367779 10.430570 72.778 
55.367778 10.430569 72.793 
55.367778 10.430568 72.700 
55.367776 10.430566 72.645 
55.367775 10.430565 72.562 
55.367774 10.430564 72.449 
55.367773 10.430564 72.345 
55.367772 10.430563 72.196 
55.367771 10.430561 72.164 
55.367769 10.430559 72.107 
55.367768 10.430558 72.004 
55.367767 10.430556 71.963 
55.367766 10.430554 71.795 
55.367764 10.430552 71.683 
55.367763 10.430551 71.602 
55.367761 10.430549 71.540 
55.367760 10.430547 71.467 
55.367759 10.430545 71.426 
55.367757 10.430543 71.340 
55.367756 10.430542 71.229 
55.367754 10.430540 71.084 
55.367753 10.430539 70.959 
55.367751 10.430537 70.861 
55.367750 10.430536 70.813 
55.367748 10.430535 70.661 
55.367747 10.430534 70.599 
55.367745 10.430533 70.528 
55.367743 10.430532 70.422 
55.367741 10.430531 70.374 
55.367740 10.430530 70.242 
55.367738 10.430529 70.116 
55.367736 10.430528 70.044 
55.367735 10.430527 69.884 
55.367733 10.430526 69.801 
55.367731 10.430525 69.810 
55.367729 10.430525 69.759 
55.367727 10.430525 69.692 
55.367726 10.430525 69.696 
55.367724 10.430524 69.603 
55.367722 10.430524 69.613 
55.367720 10.430524 69.589 
55.367719 10.430524 69.397 
55.367716 10.430524 69.291 
55.367715 10.430525 69.097 
55.367713 10.430526 68.981 
55.367712 10.430527 68.868 
55.367711 10.430528 68.785 
55.367709 10.430529 68.539 
55.367708 10.430530 68.383 
55.367707 10.430532 68.319 
55.367705 10.430533 68.153 
55.367703 10.430534 67.953 
55.367702 10.430535 67.828 
55.367700 10.430536 67.605 
55.367698 10.430537 67.628 
55.367697 10.430537 67.421 
55.367695 10.430539 67.299 
55.367694 10.430540 67.127 
55.367692 10.430541 67.067 
55.367691 10.430542 66.688 
55.367690 10.430544 66.581 
55.367688 10.430544 66.579 
55.367686 10.430546 66.571 
55.367685 10.430547 66.453 
55.367683 10.430549 66.437 
55.367681 10.430550 66.518 
55.367679 10.430551 66.548 
55.367677 10.430553 66.518 
55.367675 10.430555 66.478 
55.367674 10.430555 66.469 
55.367672 10.430557 66.339 
55.367670 10.430557 66.277 
55.367668 10.430558 66.256 
55.367666 10.430559 66.236 
55.367665 10.430561 66.213 
55.367662 10.430561 66.281 
55.367661 10.430561 66.275 
55.367659 10.430562 66.189 
55.367658 10.430562 66.135 
55.367656 10.430563 66.164 
55.367654 10.430564 66.120 
55.367652 10.430565 66.186 
55.367650 10.430566 66.200 
55.367648 10.430566 66.216 
55.367646 10.430565 66.269 
55.367644 10.430565 66.227 
55.367642 10.430566 66.216 
55.367640 10.430566 66.230 
55.367638 10.430567 66.236 
55.367637 10.430567 66.061 
55.367635 10.430567 65.988 
55.367633 10.430567 66.031 
55.367631 10.430565 66.087 
55.367629 10.430566 66.133 
55.367627 10.430565 66.254 
55.367626 10.430565 66.018 
55.367624 10.430565 65.897 
55.367621 10.430565 66.165 
55.367619 10.430564 66.181 
55.367618 10.430565 66.120 
55.367616 10.430566 65.938 
55.367614 10.430566 65.939 
55.367612 10.430565 65.925 
55.367610 10.430563 66.047 
55.367608 10.430563 66.137 
55.367606 10.430563 66.180 
55.367604 10.430563 66.174 
55.367601 10.430563 66.500 
55.367599 10.430562 66.662 
55.367596 10.430561 67.003 
55.367594 10.430560 67.033 
55.367592 10.430559 67.080 
55.367590 10.430559 66.951 
55.367588 10.430559 66.753 
55.367587 10.430560 66.734 
55.367585 10.430560 66.637 
55.367583 10.430559 66.746 
55.367581 10.430559 67.461 
55.367578 10.430558 67.553 
55.367576 10.430558 67.573 
55.367574 10.430560 67.603 
55.367572 10.430560 67.392 
55.367570 10.430559 67.390 
55.367569 10.430559 66.948 
55.367568 10.430560 66.991 
55.367566 10.430560 67.391 
55.367563 10.430559 67.739 
55.367562 10.430556 67.972 
55.367559 10.430554 67.987 
55.367557 10.430554 67.972 
55.367555 10.430553 68.158 
55.367552 10.430553 68.384 
55.367550 10.430554 68.371 
55.367548 10.430554 68.311 
55.367546 10.430553 68.342 
55.367543 10.430553 68.315 
55.367542 10.430553 68.315 
55.367540 10.430555 67.643 
55.367538 10.430555 67.510 
55.367536 10.430553 67.780 
55.367534 10.430552 67.754 
55.367532 10.430552 68.083 
55.367530 10.430552 68.518 
55.367528 10.430553 68.450 
55.367526 10.430553 68.239 
55.367524 10.430553 68.396 
55.367522 10.430552 68.522 
55.367520 10.430553 68.585 
55.367518 10.430552 68.787 
55.367517 10.430553 68.769 
55.367514 10.430551 69.102 
55.367512 10.430549 69.378 
55.367509 10.430547 69.602 
55.367507 10.430546 69.914 
55.367504 10.430546 70.343 
55.367501 10.430545 70.661 
55.367499 10.430544 70.698 
55.367498 10.430543 70.768 
55.367495 10.430542 71.055 
55.367493 10.430542 71.194 
55.367490 10.430540 71.406 
55.367488 10.430540 71.656 
55.367486 10.430539 71.722 
55.367484 10.430540 71.864 
55.367482 10.430538 72.023 
55.367480 10.430538 72.147 
55.367477 10.430538 72.126 
55.367475 10.430537 72.215 
55.367473 10.430537 72.157 
55.367471 10.430537 72.111 
55.367468 10.430535 72.248 
55.367466 10.430536 72.414 
55.367464 10.430537 72.409 
55.367461 10.430536 72.477 
55.367459 10.430536 72.516 
55.367457 10.430536 72.584 
55.367455 10.430535 72.786 
55.367452 10.430532 73.720 
55.367448 10.430532 74.207 
55.367445 10.430532 74.703 
55.367443 10.430532 74.805 
55.367441 10.430531 74.887 
55.367438 10.430531 74.937 
55.367435 10.430530 75.539 
55.367432 10.430530 75.765 
55.367430 10.430529 76.114 
55.367428 10.430528 76.175 
55.367425 10.430528 76.553 
55.367422 10.430527 76.811 
55.367420 10.430526 77.002 
55.367419 10.430526 76.964 
55.367416 10.430526 77.083 
55.367415 10.430526 76.969 
55.367413 10.430526 77.048 
55.367411 10.430526 77.103 
55.367411 10.430526 77.091 
55.367410 10.430525 77.037 
55.367408 10.430525 76.873 
55.367406 10.430524 76.773 
55.367404 10.430523 76.566 
55.367402 10.430523 76.579 
55.367401 10.430523 76.676 
55.367399 10.430522 76.528 
55.367396 10.430522 76.445 
55.367395 10.430523 76.484 
55.367393 10.430522 76.773 
55.367391 10.430522 76.919 
55.367390 10.430521 76.797 
55.367389 10.430521 76.849 
55.367387 10.430521 76.956 
55.367384 10.430521 76.944 
55.367382 10.430522 77.158 
55.367381 10.430522 77.355 
55.367379 10.430522 77.659 
55.367378 10.430523 77.627 
55.367377 10.430524 77.694 
55.367375 10.430525 77.869 
55.367374 10.430524 77.974 
55.367372 10.430525 78.011 
55.367370 10.430526 77.857 
55.367369 10.430526 77.931 
55.367368 10.430527 77.908 
55.367367 10.430527 77.920 
55.367366 10.430528 77.962 
55.367364 10.430527 77.874 
55.367362 10.430526 77.950 
55.367358 10.430525 78.111 
55.367356 10.430522 78.304 
55.367354 10.430522 78.364 
55.367350 10.430520 78.496 
55.367348 10.430520 78.431 
55.367346 10.430521 78.078 
55.367344 10.430521 77.878 
55.367342 10.430522 77.918 
55.367339 10.430523 77.951 
55.367337 10.430522 77.920 
55.367335 10.430524 78.215 
55.367332 10.430522 78.345 
55.367330 10.430523 78.267 
55.367327 10.430524 78.180 
55.367326 10.430525 77.973 
55.367325 10.430526 77.794 
55.367323 10.430527 77.556 
55.367322 10.430528 77.158 
55.367319 10.430528 77.019 
55.367317 10.430528 76.885 
55.367315 10.430529 76.892 
55.367312 10.430529 76.844 
55.367310 10.430530 76.725 
55.367307 10.430531 76.358 
55.367304 10.430531 76.388 
55.367301 10.430532 76.309 
55.367298 10.430533 76.148 
55.367295 10.430533 76.181 
55.367292 10.430533 76.299 
55.367289 10.430532 76.381 
55.367286 10.430531 76.510 
55.367284 10.430531 76.544 
55.367282 10.430530 76.424 
55.367280 10.430530 76.532 
55.367278 10.430530 76.667 
55.367275 10.430529 76.948 
55.367272 10.430529 77.163 
55.367269 10.430528 77.494 
55.367266 10.430528 77.589 
55.367264 10.430529 77.826 
55.367261 10.430528 77.945 
55.367258 10.430528 78.041 
55.367255 10.430527 78.406 
55.367252 10.430526 78.685 
55.367249 10.430525 78.843 
55.367246 10.430524 79.127 
55.367244 10.430524 79.067 
55.367241 10.430524 79.301 
55.367239 10.430524 79.315 
55.367236 10.430524 79.408 
55.367234 10.430524 79.324 
55.367232 10.430525 79.397 
55.367229 10.430526 79.192 
55.367227 10.430527 79.080 
55.367225 10.430528 79.015 
55.367223 10.430528 78.909 
55.367220 10.430527 78.940 
55.367217 10.430526 79.028 
55.367215 10.430527 78.909 
55.367212 10.430528 78.704 
55.367210 10.430528 78.465 
55.367208 10.430528 78.364 
55.367206 10.430529 78.371 
55.367204 10.430529 78.208 
55.367201 10.430529 78.198 
55.367199 10.430529 78.067 
55.367196 10.430530 78.115 
55.367194 10.430530 77.984 
55.367192 10.430531 77.949 
55.367190 10.430532 77.706 
55.367188 10.430532 77.665 
55.367186 10.430533 77.660 
55.367183 10.430532 77.683 
55.367180 10.430532 77.730 
55.367178 10.430532 77.668 
55.367175 10.430533 77.533 
55.367173 10.430534 77.434 
55.367171 10.430535 77.283 
55.367169 10.430535 77.321 
55.367166 10.430535 77.484 
55.367163 10.430536 77.435 
55.367161 10.430536 77.417 
55.367159 10.430537 77.214 
55.367156 10.430537 77.103 
55.367154 10.430537 76.984 
55.367152 10.430537 76.980 
55.367150 10.430537 76.919 
55.367148 10.430538 76.916 
55.367145 10.430538 76.955 
55.367143 10.430538 76.897 
55.367141 10.430538 76.907 
55.367139 10.430538 76.885 
55.367137 10.430539 76.823 
55.367134 10.430539 76.799 
55.367132 10.430540 76.772 
55.367130 10.430540 76.718 
55.367128 10.430540 76.812 
55.367126 10.430541 76.688 
55.367124 10.430541 76.719 
55.367122 10.430542 76.685 
55.367119 10.430542 76.637 
55.367117 10.430542 76.631 
55.367115 10.430543 76.692 
55.367112 10.430543 76.689 
55.367110 10.430543 76.788 
55.367107 10.430544 76.883 
55.367104 10.430543 77.086 
55.367102 10.430544 77.163 
55.367099 10.430544 77.089 
55.367097 10.430545 77.033 
55.367095 10.430546 77.010 
55.367093 10.430546 76.882 
55.367091 10.430547 76.725 
55.367089 10.430548 76.630 
55.367087 10.430549 76.473 
55.367085 10.430549 76.429 
55.367083 10.430549 76.334 
55.367080 10.430549 76.484 
55.367077 10.430550 76.400 
55.367075 10.430551 76.400 
55.367072 10.430551 76.404 
55.367070 10.430551 76.438 
55.367067 10.430551 76.548 
55.367064 10.430552 76.551 
55.367062 10.430552 76.573 
55.367059 10.430552 76.675 
55.367056 10.430552 76.784 
55.367053 10.430553 76.892 
55.367050 10.430552 76.897 
55.367048 10.430553 76.933 
55.367044 10.430552 77.236 
55.367041 10.430552 77.301 
55.367037 10.430552 77.563 
55.367035 10.430552 77.558 
55.367031 10.430552 77.663 
55.367029 10.430552 77.770 
55.367026 10.430552 77.749 
55.367024 10.430553 77.788 
55.367022 10.430553 77.881 
55.367019 10.430553 77.832 
55.367016 10.430553 77.828 
55.367014 10.430554 77.789 
55.367011 10.430555 77.791 
55.367009 10.430556 77.761 
55.367007 10.430556 77.660 
55.367005 10.430557 77.542 
55.367003 10.430558 77.430 
55.367001 10.430558 77.323 
55.366999 10.430559 77.266 
55.366997 10.430559 77.219 
55.366995 10.430560 77.181 
55.366992 10.430561 77.216 
55.366990 10.430561 77.193 
55.366987 10.430562 77.165 
55.366985 10.430563 77.221 
55.366982 10.430562 77.385 
55.366978 10.430562 77.504 
55.366975 10.430562 77.568 
55.366972 10.430562 77.614 
55.366970 10.430563 77.700 
55.366967 10.430563 77.798 
55.366965 10.430564 77.878 
55.366962 10.430564 77.875 
55.366959 10.430564 77.919 
55.366957 10.430564 77.888 
55.366955 10.430565 77.889 
55.366952 10.430565 77.870 
55.366950 10.430565 77.875 
55.366948 10.430566 77.872 
55.366945 10.430566 77.839 
55.366943 10.430567 77.716 
55.366941 10.430568 77.683 
55.366939 10.430568 77.658 
55.366937 10.430569 77.604 
55.366935 10.430570 77.585 
55.366933 10.430571 77.501 
55.366931 10.430572 77.440 
55.366929 10.430571 77.596 
55.366927 10.430572 77.514 
55.366925 10.430572 77.593 
55.366923 10.430572 77.540 
55.366920 10.430571 77.535 
55.366918 10.430571 77.588 
55.366916 10.430572 77.546 
55.366914 10.430572 77.539 
55.366911 10.430572 77.504 
55.366909 10.430572 77.485 
55.366907 10.430573 77.453 
55.366905 10.430573 77.399 
55.366904 10.430574 77.299 
55.366902 10.430574 77.180 
55.366900 10.430574 77.172 
55.366898 10.430575 77.070 
55.366896 10.430576 77.034 
55.366894 10.430577 76.937 
55.366893 10.430577 76.786 
55.366890 10.430577 76.745 
55.366889 10.430577 76.709 
55.366887 10.430578 76.613 
55.366886 10.430578 76.547 
55.366884 10.430577 76.484 
55.366882 10.430577 76.353 
55.366880 10.430578 76.248 
55.366879 10.430578 76.096 
55.366877 10.430578 75.942 
55.366876 10.430579 75.848 
55.366874 10.430579 75.726 
55.366872 10.430579 75.676 
55.366871 10.430580 75.580 
55.366869 10.430580 75.507 
55.366867 10.430580 75.482 
55.366866 10.430581 75.408 
55.366864 10.430581 75.254 
55.366863 10.430583 75.276 
55.366862 10.430584 75.294 
55.366861 10.430585 75.152 
55.366860 10.430588 75.078 
55.366859 10.430590 75.080 
55.366858 10.430593 75.067 
55.366857 10.430596 74.974 
55.366857 10.430599 74.906 
55.366856 10.430602 74.833 
55.366856 10.430605 74.729 
55.366857 10.430607 74.523 
55.366858 10.430609 74.452 
55.366858 10.430612 74.325 
55.366858 10.430616 74.251 
55.366858 10.430619 74.109 
55.366858 10.430623 74.085 
55.366858 10.430626 73.884 
55.366859 10.430629 73.697 
55.366859 10.430633 73.618 
55.366859 10.430636 73.471 
55.366860 10.430639 73.162 
55.366860 10.430642 72.996 
55.366860 10.430646 73.020 
55.366862 10.430647 72.400 
55.366863 10.430650 72.367 
55.366863 10.430653 72.279 
55.366863 10.430656 72.080 
55.366864 10.430660 71.852 
55.366864 10.430662 71.630 
55.366864 10.430666 71.363 
55.366864 10.430670 71.177 
55.366865 10.430673 70.942 
55.366865 10.430676 70.854 
55.366864 10.430680 70.805 
55.366865 10.430683 70.650 
55.366865 10.430687 70.554 
55.366866 10.430690 70.379 
55.366866 10.430694 70.317 
55.366866 10.430698 70.284 
55.366867 10.430702 70.290 
55.366866 10.430705 70.354 
55.366867 10.430709 70.381 
55.366868 10.430713 70.273 
55.366869 10.430716 70.143 
55.366870 10.430719 69.950 
55.366870 10.430723 69.839 
55.366871 10.430727 69.689 
55.366871 10.430730 69.413 
55.366871 10.430733 69.338 
55.366872 10.430737 69.335 
55.366872 10.430740 69.243 
55.366873 10.430743 69.177 
55.366874 10.430746 69.160 
55.366875 10.430750 69.139 
55.366875 10.430754 69.216 
55.366876 10.430757 69.082 
55.366876 10.430760 68.841 
55.366877 10.430762 68.577 
55.366877 10.430765 68.313 
55.366879 10.430768 68.160 
55.366879 10.430771 67.901 
55.366880 10.430774 67.969 
55.366881 10.430778 67.953 
55.366882 10.430782 68.049 
55.366883 10.430785 68.185 
55.366882 10.430788 68.064 
55.366883 10.430792 68.061 
55.366883 10.430793 67.965 
55.366882 10.430795 67.728 
55.366880 10.430799 67.925 
55.366880 10.430801 68.132 
55.366880 10.430802 68.173 
55.366878 10.430801 68.486 
55.366878 10.430802 68.477 
55.366877 10.430806 68.384 
55.366876 10.430807 68.368 
55.366874 10.430807 68.690 
55.366872 10.430807 69.040 
55.366871 10.430807 69.323 
55.366871 10.430811 69.404 
55.366870 10.430812 69.721 
55.366870 10.430816 69.846 
55.366870 10.430820 69.901 
55.366872 10.430824 70.097 
55.366872 10.430828 70.175 
55.366873 10.430832 70.146 
55.366874 10.430835 69.944 
55.366875 10.430839 69.813 
55.366876 10.430842 69.460 
55.366877 10.430845 69.296 
55.366877 10.430849 69.061 
55.366879 10.430851 69.010 
55.366879 10.430856 68.897 
55.366881 10.430861 68.930 
55.366881 10.430865 68.932 
55.366881 10.430870 68.954 
55.366882 10.430875 68.807 
55.366883 10.430881 68.647 
55.366883 10.430884 68.646 
55.366883 10.430888 68.494 
55.366882 10.430892 68.454 
55.366883 10.430896 68.425 
55.366883 10.430902 68.411 
55.366883 10.430906 68.388 
55.366884 10.430911 68.486 
55.366884 10.430915 68.107 
55.366886 10.430920 68.018 
55.366887 10.430924 67.751 
55.366890 10.430929 67.471 
55.366894 10.430934 67.546 
55.366894 10.430937 67.269 
55.366894 10.430939 66.613 
55.366893 10.430941 66.412 
55.366895 10.430944 66.047 
55.366896 10.430947 65.877 
55.366898 10.430951 65.697 
55.366901 10.430955 65.548 
55.366902 10.430959 65.381 
55.366903 10.430962 65.321 
55.366904 10.430966 65.150 
55.366904 10.430969 64.756 
55.366905 10.430973 64.573 
55.366905 10.430975 64.287 
55.366908 10.430978 63.974 
55.366909 10.430982 63.820 
55.366910 10.430987 63.772 
55.366910 10.430991 63.600 
55.366911 10.430996 63.344 
55.366911 10.431000 63.187 
55.366912 10.431004 63.116 
55.366912 10.431008 62.932 
55.366912 10.431013 62.837 
55.366913 10.431017 62.742 
55.366913 10.431020 62.510 
55.366913 10.431025 62.676 
55.366912 10.431031 62.840 
55.366912 10.431036 62.788 
55.366912 10.431041 62.871 
55.366912 10.431046 62.965 
55.366911 10.431051 63.258 
55.366910 10.431055 63.369 
55.366908 10.431060 63.503 
55.366906 10.431068 64.464 
55.366905 10.431075 65.344 
55.366903 10.431081 65.827 
55.366903 10.431085 65.886 
55.366901 10.431090 66.063 
55.366899 10.431094 66.317 
55.366898 10.431098 66.413 
55.366895 10.431103 66.628 
55.366894 10.431107 66.825 
55.366894 10.431111 67.014 
55.366895 10.431116 67.295 
55.366895 10.431119 67.383 
55.366895 10.431123 67.354 
55.366895 10.431126 67.453 
55.366896 10.431130 67.365 
55.366897 10.431133 67.114 
55.366898 10.431137 67.003 
55.366899 10.431140 66.884 
55.366899 10.431142 66.496 
55.366900 10.431146 66.451 
55.366900 10.431148 66.227 
55.366902 10.431151 66.084 
55.366903 10.431154 65.961 
55.366904 10.431157 65.844 
55.366905 10.431160 66.031 
55.366906 10.431161 65.535 
55.366907 10.431164 65.623 
55.366909 10.431168 66.272 
55.366909 10.431171 66.620 
55.366910 10.431176 67.481 
55.366910 10.431182 68.571 
55.366910 10.431187 69.563 
55.366911 10.431188 69.745 
55.366911 10.431194 70.932 
55.366911 10.431198 72.104 
55.366912 10.431201 72.589 
55.366913 10.431204 73.127 
55.366914 10.431204 73.224 
55.366916 10.431204 73.105 
55.366918 10.431204 73.095 
55.366917 10.431207 73.647 
55.366918 10.431210 74.274 
55.366920 10.431212 74.799 
55.366920 10.431214 75.077 
55.366922 10.431215 75.251 
55.366923 10.431216 75.208 
55.366925 10.431217 75.302 
55.366928 10.431218 75.425 
55.366930 10.431218 75.342 
55.366932 10.431218 75.267 
55.366933 10.431219 75.457 
55.366935 10.431219 75.531 
55.366937 10.431220 75.518 
55.366939 10.431219 75.511 
55.366940 10.431219 75.456 
55.366942 10.431219 75.471 
55.366943 10.431219 75.522 
55.366945 10.431219 75.452 
55.366947 10.431219 75.396 
55.366949 10.431219 75.567 
55.366950 10.431220 75.670 
55.366952 10.431220 75.631 
55.366954 10.431221 75.830 
55.366956 10.431220 75.757 
55.366957 10.431222 76.085 
55.366959 10.431222 76.211 
55.366960 10.431223 76.463 
55.366962 10.431224 76.492 
55.366964 10.431225 76.670 
55.366966 10.431226 76.738 
55.366967 10.431226 76.837 
55.366969 10.431226 76.774 
55.366970 10.431226 76.781 
55.366972 10.431225 76.777 
55.366974 10.431224 76.675 
55.366976 10.431224 76.609 
55.366977 10.431224 76.617 
55.366979 10.431224 76.766 
55.366981 10.431224 76.892 
55.366982 10.431223 76.658 
55.366984 10.431222 76.569 
55.366985 10.431222 76.718 
55.366987 10.431221 76.739 
55.366988 10.431223 76.878 
55.366990 10.431224 76.842 
55.366991 10.431224 77.016 
55.366994 10.431224 76.989 
55.366994 10.431223 77.008 
55.366995 10.431223 77.166 
55.366996 10.431223 77.044 
55.366998 10.431223 77.115 
55.366998 10.431224 77.370 
55.367000 10.431224 77.546 
55.367001 10.431225 77.689 
55.367003 10.431226 77.832 
55.367004 10.431226 78.108 
55.367006 10.431227 78.426 
55.367006 10.431228 78.529 
55.367008 10.431229 78.909 
55.367009 10.431230 79.225 
55.367010 10.431231 79.243 
55.367013 10.431231 79.259 
55.367015 10.431233 79.301 
55.367017 10.431234 79.541 
55.367019 10.431235 79.570 
55.367022 10.431234 79.602 
55.367023 10.431235 79.852 
55.367024 10.431235 80.057 
55.367026 10.431236 80.234 
55.367027 10.431236 80.369 
55.367028 10.431236 80.433 
55.367029 10.431237 80.531 
55.367031 10.431236 80.538 
55.367032 10.431236 80.589 
55.367034 10.431236 80.616 
55.367035 10.431236 80.616 
55.367036 10.431235 80.638 
55.367038 10.431235 80.571 
55.367038 10.431235 80.766 
55.367039 10.431236 80.910 
55.367040 10.431240 81.602 
55.367042 10.431242 82.026 
55.367043 10.431242 82.037 
55.367044 10.431243 82.112 
55.367045 10.431244 82.078 
55.367047 10.431244 82.086 
55.367048 10.431244 82.036 
55.367049 10.431245 82.031 
55.367050 10.431245 81.956 
55.367051 10.431245 81.793 
55.367052 10.431245 81.773 
55.367053 10.431245 81.683 
55.367054 10.431245 81.608 
55.367055 10.431245 81.617 
55.367056 10.431245 81.665 
55.367056 10.431248 82.082 
55.367056 10.431249 82.271 
55.367056 10.431251 82.566 
55.367057 10.431252 82.663 
55.367058 10.431252 82.673 
55.367059 10.431253 82.714 
55.367060 10.431253 82.804 
55.367060 10.431254 82.769 
55.367062 10.431254 82.712 
55.367063 10.431254 82.600 
55.367064 10.431253 82.560 
55.367066 10.431253 82.501 
55.367067 10.431252 82.464 
55.367068 10.431253 82.544 
55.367069 10.431253 82.601 
55.367070 10.431253 82.700 
55.367071 10.431253 82.636 
55.367071 10.431254 82.827 
55.367072 10.431255 83.089 
55.367073 10.431254 83.138 
55.367075 10.431255 83.276 
55.367076 10.431255 83.363 
55.367077 10.431257 83.835 
55.367079 10.431260 84.718 
55.367080 10.431262 85.297 
55.367082 10.431266 86.472 
55.367084 10.431269 87.610 
55.367086 10.431271 88.026 
55.367087 10.431271 87.989 
55.367089 10.431271 87.818 
55.367090 10.431274 88.391 
55.367091 10.431275 88.703 
55.367092 10.431275 88.905 
55.367093 10.431275 88.991 
55.367094 10.431274 88.868 
55.367096 10.431274 88.715 
55.367099 10.431275 88.573 
55.367101 10.431276 88.527 
55.367103 10.431276 88.499 
55.367104 10.431278 88.724 
55.367107 10.431278 88.742 
55.367109 10.431279 88.677 
55.367111 10.431280 88.880 
55.367112 10.431280 88.917 
55.367114 10.431280 88.871 
55.367117 10.431280 88.869 
55.367119 10.431281 88.953 
55.367121 10.431281 89.075 
55.367123 10.431281 89.124 
55.367126 10.431282 89.214 
55.367127 10.431282 89.424 
55.367130 10.431282 89.395 
55.367131 10.431282 89.198 
55.367134 10.431282 89.187 
55.367136 10.431281 89.015 
55.367138 10.431281 89.015 
55.367140 10.431280 88.973 
55.367143 10.431279 88.923 
55.367145 10.431279 88.899 
55.367147 10.431279 89.024 
55.367149 10.431279 88.953 
55.367151 10.431279 88.977 
55.367153 10.431279 89.069 
55.367156 10.431278 88.980 
55.367159 10.431278 88.888 
55.367161 10.431277 88.821 
55.367164 10.431277 88.808 
55.367167 10.431276 88.815 
55.367169 10.431275 88.727 
55.367172 10.431275 88.700 
55.367173 10.431275 88.970 
55.367175 10.431275 88.849 
55.367178 10.431275 88.859 
55.367180 10.431275 88.842 
55.367182 10.431275 88.822 
55.367183 10.431276 89.066 
55.367185 10.431276 89.145 
55.367186 10.431275 89.126 
55.367189 10.431275 89.128 
55.367191 10.431276 89.232 
55.367193 10.431276 89.239 
55.367195 10.431277 89.402 
55.367197 10.431277 89.620 
55.367199 10.431278 89.837 
55.367201 10.431278 89.766 
55.367203 10.431278 89.750 
55.367205 10.431278 89.874 
55.367207 10.431278 89.917 
55.367208 10.431277 89.792 
55.367210 10.431276 89.788 
55.367211 10.431277 89.815 
55.367211 10.431279 89.894 
55.367212 10.431280 90.083 
55.367213 10.431280 90.051 
55.367216 10.431281 89.984 
55.367217 10.431280 89.983 
55.367218 10.431282 90.067 
55.367219 10.431282 90.010 
55.367219 10.431283 90.010 
55.367221 10.431283 89.970 
55.367222 10.431283 89.796 
55.367225 10.431284 89.575 
55.367228 10.431285 89.469 
55.367229 10.431284 89.450 
55.367229 10.431285 89.431 
55.367232 10.431283 89.095 
55.367235 10.431283 88.991 
55.367235 10.431282 88.683 
55.367236 10.431282 88.530 
55.367237 10.431280 88.376 
55.367239 10.431279 88.276 
55.367241 10.431278 88.013 
55.367244 10.431277 87.933 
55.367245 10.431276 87.695 
55.367248 10.431275 87.676 
55.367250 10.431274 87.503 
